TM = 1
Rcr = 3.0000e+00
Rca = 2.0000e+00
EtaR = [1.6000000e+01]
ShfR = [1.3000000e+00,1.5125000e+00,1.7250000e+00,1.9375000e+00,2.1500000e+00,2.3625000e+00,2.5750000e+00,2.7875000e+00]
Zeta = [4.0000000e+00]
ShfZ = [0.0000000e+00,1.5707963e+00,3.1415927e+00,4.7123890e+00]
EtaA = [6.4000000e+01]
ShfA = [1.3000000e+00,1.4750000e+00,1.6500000e+00,1.8250000e+00]
Atyp = [H,C,N,O]
